-------------------------------------------------------
Ambiguous testing
-------------------------------------------------------
For N=4, here are two of the results:
| ?- ambiguous(4,C,N1,N2).

C = counts([4,2,2,1],[1,2,2,4],[4,2,2,1],[1,2,2,4])
N1 = [[1,2,3,4],[2,1,4,3],[3,4,1,2],[4,3,2,1]]
N2 = [[1,2,3,4],[2,4,1,3],[3,1,4,2],[4,3,2,1]] ? ;

C = counts([4,2,2,1],[1,2,2,4],[4,2,2,1],[1,2,2,4])
N1 = [[1,2,3,4],[2,4,1,3],[3,1,4,2],[4,3,2,1]]
N2 = [[1,2,3,4],[2,1,4,3],[3,4,1,2],[4,3,2,1]] ? ;
[...]

For N=5, here are two of the results:
| ?- ambiguous(5,C,N1,N2).

C = counts([4,2,3,2,1],[1,3,2,3,2],[5,3,2,3,1],[1,2,3,2,2])
N1 = [[1,2,3,4,5],[2,1,4,5,3],[4,5,2,3,1],[3,4,5,1,2],[5,3,1,2,4]]
N2 = [[1,2,3,4,5],[3,1,4,5,2],[4,5,2,3,1],[2,4,5,1,3],[5,3,1,2,4]] ? ;

C = counts([4,2,3,2,1],[2,2,1,4,3],[5,3,2,1,3],[1,2,3,2,2])
N1 = [[1,2,3,4,5],[2,1,4,5,3],[4,5,2,3,1],[5,3,1,2,4],[3,4,5,1,2]]
N2 = [[1,2,3,4,5],[3,1,4,5,2],[4,5,2,3,1],[5,3,1,2,4],[2,4,5,1,3]] ? ;

[...]

-------------------------------------------------------
Speedup Test
-------------------------------------------------------
After multiple trials based on the speedup test case provided, 
the average is:
Ratio is ~ 617.6
